Error: 76.5522820987
Cost: 76907.1590659