Error: 6.37418362238
Cost: 9636.8808117