Error: 208.320284262
Cost: 237007.741525