Error: 12.1476957585
Cost: 14975.074843