Error: 99.9595026567
Cost: 147720.146219