Error: 338.513258317
Cost: 380659.954308