Error: 113.441265133
Cost: 123604.679925