Error: 257.077788912
Cost: 275266.963533