Error: 12.4230381793
Cost: 81636.7404313