Error: 45.4982114083
Cost: 61213.1641044