Error: 87.2585249619
Cost: 181224.64464