Error: 20.7181564039
Cost: 0.601503887637