Error: 3.00753218719
Cost: 2.25832180779