Error: 3.5503655249
Cost: 81297.5468534