Error: 6.72798509652
Cost: 13525.8935119