Error: 1.81304686719
Cost: 63408.1445887