Error: 10.3022685977
Cost: 68484.0119372