Error: 12.8114801239
Cost: 70812.1470116