Error: 29.1000538076
Cost: 83530.1963754