Error: 19.7420994291
Cost: 80282.7010621