Error: 28.0131315802
Cost: 69840.2393651