Error: 1.11381330994
Cost: 51495.6748224