Error: 39.1653161038
Cost: 77646.2904714