Error: 49.0082751061
Cost: 84387.7754144