Error: 17.0827679218
Cost: 41601.7356237