Error: 27.4913664934
Cost: 42873.9060743