Error: 36.2712633524
Cost: 50409.0601242