Error: 52.9912961054
Cost: 129067.558989