Error: 32.1988135594
Cost: 63594.9211565