Error: 13.8519056294
Cost: 48740.3835253