Error: 4.37261195105
Cost: 42987.2439772