Error: 6.39807910499
Cost: 39582.2406976