Error: 27.5242988797
Cost: 113496.566362