Error: 12.6610236893
Cost: 51628.9597073