Error: 6.80200910145
Cost: 50571.8645884