Error: 15.0066514075
Cost: 56236.118468