Error: 29.6430919111
Cost: 49394.8031104