Error: 42.7267652197
Cost: 60982.6521566