Error: 18.8329303316
Cost: 77702.5319872