Error: 43.8428907617
Cost: 62755.6357571