Error: 31.9341583666
Cost: 52626.9642687