Error: 44.2910883505
Cost: 63436.8295854