Error: 54.332758538
Cost: 72636.8675039