Error: 60.8847681924
Cost: 83912.0799875