Error: 7.67652782469
Cost: 42526.4678465