Error: 82.5624533201
Cost: 124117.867037