Error: 63.1671008043
Cost: 110921.857551