Error: 43.1497025831
Cost: 97129.9298489