Error: 23.2348054348
Cost: 83828.3241781