Error: 7.43087622888
Cost: 73048.129728