Error: 21.9973663094
Cost: 80586.3098512