Error: 56.4415790737
Cost: 67234.9796784