Error: 5.79886752785
Cost: 42418.1619439