Error: 6.37162617455
Cost: 70310.7992048