Error: 5.10741306545
Cost: 69660.2905128