Error: 19.6559929805
Cost: 80105.2605694