Error: 37.1111634925
Cost: 91922.1740483