Error: 13.8670699876
Cost: 56665.4540862