Error: 25.2541246746
Cost: 75853.7584521