Error: 21.603178038
Cost: 83489.4628721