Error: 22.090452443
Cost: 84317.3759784