Error: 24.9466863496
Cost: 83012.6322289