Error: 10.7381605234
Cost: 73002.5944285