Error: 2.33120052759
Cost: 66920.6362166