Error: 28.8424630604
Cost: 91651.7891186