Error: 11.0334714272
Cost: 74531.2640188