Error: 10.1144530398
Cost: 73756.263115