Error: 1.38371936378
Cost: 66896.1181006