Error: 7.06017272909
Cost: 69127.9681092