Error: 0.344544673407
Cost: 70061.4442583