Error: 0.581301212907
Cost: 108982.532824