Error: 12.4107925293
Cost: 75743.1686872