Error: 24.2556915991
Cost: 80605.7254347