Error: 12.079494941
Cost: 65905.4974947