Error: 19.7396786096
Cost: 68417.8067397