Error: 8.24861641976
Cost: 58825.965193