Error: 13.6552497408
Cost: 66396.3550199