Error: 3.75062985892
Cost: 54111.1264134