Error: 9.9625649428
Cost: 57568.9914817