Error: 11.8195405263
Cost: 57021.5902763