Error: 23.5498694034
Cost: 65731.9502951