Error: 35.9641713637
Cost: 71794.3236732