Error: 74.4974913637
Cost: 133489.121958