Error: 42.1080947512
Cost: 76696.4884583