Error: 52.7329024612
Cost: 84992.1864899