Error: 64.5409537393
Cost: 92903.262494