Error: 62.4020470383
Cost: 91492.6408315