Error: 125.707951794
Cost: 158648.431307