Error: 31.7118854574
Cost: 168788.376286