Error: 3.57021506947
Cost: 2149738.86597