Error: 5.99097754001
Cost: 2169081.50709