Error: 134.588233145
Cost: 4117482.46446