Error: 122.262393115
Cost: 4083916.93526