Error: 18.082250291
Cost: 4047699.41838