Error: 2.18682633824
Cost: 3850266.78136