Error: 24.505151324
Cost: 5588206.01815