Error: 24.9186825931
Cost: 5677059.64473