Error: 8.50665202718
Cost: 5683422.85679