Error: 8.69397431126
Cost: 3606631.52417