Error: 29.9631339198
Cost: 3595456.04935