Error: 2.01468455106
Cost: 2242809.49299