Error: 28.7517854452
Cost: 2272329.53178