Error: 60.7295684236
Cost: 2295306.79159