Error: 8.27189522728
Cost: 2823228.51419