Error: 27.6909893006
Cost: 2811933.51334