Error: 3.0996864546
Cost: 4192648.12159