Error: 21.1628515732
Cost: 4184771.77846