Error: 23.6479072489
Cost: 4195326.42762