Error: 30.1313458768
Cost: 8330281.18943