Error: 9.87220529673
Cost: 8318844.60629