Error: 28.5500656028
Cost: 8359812.56419