Error: 58.2509286828
Cost: 6215478.35353