Error: 30.7435852657
Cost: 2555178.11848