Error: 1.45944024054
Cost: 2399120.09618