Error: 22.252928221
Cost: 2332431.43325