Error: 15.6044622581
Cost: 2180121.59293