Error: 3.48988422768
Cost: 1993681.57072