Error: 220.330712559
Cost: 95290.2748414