Error: 19.0500713156
Cost: 92591.6196374