Error: 5.92633044666
Cost: 83821.4995577