Error: 16.5200272542
Cost: 118334.019048