Error: 17.300549912
Cost: 88004.1107838