Error: 36.5285722887
Cost: 125414.522221