Error: 90.4629063827
Cost: 114911.840511