Error: 56.2141167433
Cost: 113368.547128