Error: 16.0160715108
Cost: 119705.967456