Error: 26.1300869545
Cost: 0.432277391517