Error: 27.9072855671
Cost: 0.655571804226