Error: 28.6628208912
Cost: 0.858639428575