Error: 26.5235049479
Cost: 0.965092215828