Error: 27.6184577692
Cost: 1.02667825767