Error: 28.0150909043
Cost: 1.06147267339