Error: 15.8294210067
Cost: 1.02857684373