Error: 40.3013367935
Cost: 1.17503592161