Error: 36.5548573483
Cost: 0.868407196259