Error: 44.9617362969
Cost: 2.66962445973