Error: 26.1001772535
Cost: 0.741114472506