Error: 23.9454026672
Cost: 0.417370295622