Error: 20.3350353347
Cost: 0.538893080809