Error: 23.3568878663
Cost: 0.357462914768