Error: 19.0190925769
Cost: 0.189994196846