Error: 3.93976002957
Cost: -0.0644142030848