Error: 10.4733584624
Cost: -0.120895465197