Error: 25.6857161618
Cost: 0.0557806391466