Error: 24.6197541681
Cost: 0.0615182447717