Error: 24.4673784926
Cost: 0.122768494965