Error: 24.1679855705
Cost: 0.245587022732