Error: 72.6559923249
Cost: 1395565.10619