Error: 7.57984081045
Cost: 159381.930892