Error: 6.41190955896
Cost: 153023.968424