Error: 13.3728052366
Cost: 158377.259112