Error: 24.0423973686
Cost: 168746.787744