Error: 10.0042145863
Cost: 592404.325245