Error: 11.140815863
Cost: 208950.925156