Error: 1.47218992302
Cost: 379047.451542