Error: 3.30058103157
Cost: 185036.155787