Error: 3.06352089633
Cost: 185999.070761