Error: 4.46894997078
Cost: 186630.415751