Error: 93.1198125432
Cost: 93119.8125432