Error: 4.22495992902
Cost: 204458.041561