Error: 1.44992836958
Cost: 201183.010001