Error: 1.5955876737
Cost: 200628.669305