Error: 1.14290159814
Cost: 199075.611829