Error: 0.87279231352
Cost: 180356.782202