Error: 55.8743695587
Cost: 1003924.36956