Error: 1.70227983485
Cost: 1702.27983485