Error: 45.470350847
Cost: 45470.350847