Error: 199.49185447
Cost: 662535.260348