Error: 72.2025545901
Cost: 696209.869144