Error: 20.2513463682
Cost: 21851.3463682