Error: 1.98957433603
Cost: 181173.564546