Error: 0.638216253523
Cost: 776497.298274