Error: 1.20041791971
Cost: 820241.873056