Error: 3.70083684399
Cost: 825038.619572