Error: 7.69559422718
Cost: 66015.5942272