Error: 19.2834908765
Cost: 20883.4908765