Error: 6.35264017375
Cost: 546880.947292