Error: 13.1782008201
Cost: 550804.307416