Error: 23.4728852443
Cost: 561099.120368