Error: 27.667545296
Cost: 566996.318881