Error: 35.8846134737
Cost: 578013.524847