Error: 17.9537171076
Cost: 18953.7171076