Error: 40.4517290004
Cost: 581976.507114