Error: 38.9329914151
Cost: 581061.686465