Error: 45.4940656621
Cost: 587622.760712