Error: 52.7915118783
Cost: 593322.503141