Error: 121.198864809
Cost: 121210.864809