Error: 66.1406000903
Cost: 606671.591353