Error: 78.9620219904
Cost: 450380.640469