Error: 80.8742075709
Cost: 623605.198833