Error: 115.033519052
Cost: 702502.712107