Error: 121.008014409
Cost: 159058.014409