Error: 112.746313548
Cost: 858236.21501