Error: 84.3518479796
Cost: 641409.37363