Error: 179.313919534
Cost: 938313.919534