Error: 199.96999775
Cost: 199997.99775