Error: 81.4301387723
Cost: 754181.871951