Error: 91.776708095
Cost: 786031.444716