Error: 46.6536417798
Cost: 285293.247347