Error: 13.3148475048
Cost: 258354.453072