Error: 22.7254791181
Cost: 266165.084686