Error: 15.742355529
Cost: 256981.961097