Error: 27.3706740051
Cost: 268610.279573