Error: 76.0049372265
Cost: 1247950.41033