Error: 65.4462763067
Cost: 1235891.74941