Error: 171.359483473
Cost: 18135.9483473