Error: 53.5314495349
Cost: 1221078.74423