Error: 45.8692493362
Cost: 1218916.54402