Error: 28.8713146353
Cost: 1204918.60932