Error: 17.4372295909
Cost: 1194186.43426