Error: 29.1913304162
Cost: 1231742.42575