Error: 14.7306437309
Cost: 1627821.73907