Error: 18.4731443583
Cost: 1643904.23969