Error: 16.8219979504
Cost: 1633073.09329