Error: 12.2014945838
Cost: 1633782.58992