Error: 29.3307978055
Cost: 1221681.72533