Error: 12.1856928198
Cost: 1209336.86635