Error: 4.06652402799
Cost: 1194417.69562