Error: 6.64825285247
Cost: 1206869.42445