Error: 3.40853525322
Cost: 1115661.71348