Error: 22.6871231175
Cost: 168603.032474