Error: 8.70077460845
Cost: 160546.687179