Error: 8.23379101393
Cost: 149644.515936