Error: 2.65329508301
Cost: 143264.020207