Error: 4.21372447783
Cost: 142374.609447