Error: 0.267996919725
Cost: 143888.991121