Error: 0.797381868631
Cost: 143818.37607