Error: 5.99467200158
Cost: 55600.140281