Error: 0.600321384252
Cost: 53348.2895228