Error: 2.23488096447
Cost: 54494.284537