Error: 18.6576694376
Cost: 64844.9840704