Error: 34.4598978234
Cost: 76407.1329719