Error: 54.0152902196
Cost: 91171.8158934