Error: 46.5996679223
Cost: 90202.6640211