Error: 32.6128611964
Cost: 79020.8349217