Error: 27.5154157712
Cost: 74419.6880537