Error: 17.0142854548
Cost: 65053.6185289