Error: 11.7739846427
Cost: 63307.8369613