Error: 11.2331348184
Cost: 58119.2240257