Error: 0.355093438224
Cost: 48125.1231571