Error: 1.88699080695
Cost: 47775.7931342