Error: 7.65608347212
Cost: 68464.2547789