Error: 0.0856114618361
Cost: 61399.8297355