Error: 0.263343327304
Cost: 40187.2265559