Error: 0.688151644743
Cost: 40261.7402409