Error: 1.99459475601
Cost: 47899.5688136