Error: 16.9826548312
Cost: 53404.7731909