Error: 2.52724310532
Cost: 47752.6866539