Error: 3.64666864364
Cost: 46735.5356738