Error: 9.51144232887
Cost: 52643.96597