Error: 6.22762126489
Cost: 48712.1936812