Error: 23.3671571671
Cost: 62281.3640586