Error: 25.5349041216
Cost: 66903.1603982