Error: 6.8998076714
Cost: 50986.1280013