Error: 20.1596871409
Cost: 61171.2378057