Error: 1.71141853957
Cost: 45390.8960578