Error: 14.1211715343
Cost: 55564.9268214