Error: 32.6928419454
Cost: 71011.5724619