Error: 11.6822228503
Cost: 59139.7435211