Error: 17.6743800769
Cost: 64046.4034288