Error: 37.5990786847
Cost: 75811.0860608