Error: 14.356550723
Cost: 57559.8292496