Error: 6.17773773562
Cost: 50946.7474697