Error: 2.07354184082
Cost: 48721.2120367