Error: 17.602872485
Cost: 61065.3053395