Error: 38.1204743933
Cost: 77378.6283378