Error: 28.2821399354
Cost: 72735.4007527