Error: 20.4100857176
Cost: 71562.3060332