Error: 17.4762912085
Cost: 71329.7969735