Error: 24.1487626021
Cost: 76054.6624943