Error: 32.8315066977
Cost: 82122.7594636