Error: 30.9718550015
Cost: 81267.2473014