Error: 43.0881212241
Cost: 90085.7370864