Error: 10.0630625079
Cost: 67076.4379756