Error: 16.7676478719
Cost: 69494.4032539