Error: 19.440668227
Cost: 68625.0108391