Error: 50.7440847772
Cost: 85528.5390456