Error: 40.6470295983
Cost: 96219.3122764