Error: 40.3992460554
Cost: 98668.3731895