Error: 34.9988819293
Cost: 91790.3210194