Error: 23.8909914927
Cost: 84072.3100911