Error: 17.6874057991
Cost: 77192.2202436