Error: 9.45291044153
Cost: 69147.8925002