Error: 1.46647321607
Cost: 60749.1877982