Error: 27.5724798161
Cost: 69978.4414399