Error: 11.2218337168
Cost: 58002.7546433