Error: 4.19848740752
Cost: 53525.0267115