Error: 4.99331608479
Cost: 54917.1425588