Error: 0.188877893991
Cost: 188.877893991