Error: 0.900035734428
Cost: 900.035734428