Error: 0.806483378104
Cost: 806.483378104