Error: 0.254280064579
Cost: 254.280064579