Error: 14.0647419606
Cost: 14064.7419606