Error: 24.1323935652
Cost: 24132.3935652