Error: 17.5275645509
Cost: 17527.5645509