Error: 1.88410817277
Cost: 1884.10817277