Error: 13.7637951277
Cost: 13763.7951277