Error: 5.15149989423
Cost: 5151.49989423