Error: 15.1361382281
Cost: 15136.1382281