Error: 15.2861422405
Cost: 15286.1422405