Error: 27.8846951173
Cost: 27884.6951173