Error: 61.2717059716
Cost: 61271.7059716