Error: 67.8157410985
Cost: 67815.7410985