Error: 80.1523587056
Cost: 80152.3587056