Error: 34.6832568191
Cost: 34683.2568191