Error: 29.8981436461
Cost: 29898.1436461