Error: 32.1047378076
Cost: 32104.7378076