Error: 45.5714580383
Cost: 45571.4580383