Error: 29.3494310538
Cost: 29349.4310538