Error: 56.6949295744
Cost: 56694.9295744