Error: 33.3138566731
Cost: 33313.8566731