Error: 25.1121315482
Cost: 25112.1315482