Error: 9.66605427855
Cost: 9666.05427855