Error: 3.1236124703
Cost: 3123.6124703