Error: 6.3229016378
Cost: 6322.9016378