Error: 3.01176658486
Cost: 3011.76658486