Error: 10.8769972991
Cost: 10876.9972991