Error: 2.02125280247
Cost: 2021.25280247