Error: 0.21078817283
Cost: 210.78817283