Error: 6.00092010945
Cost: 6000.92010945