Error: 0.507366252109
Cost: 507.366252109