Error: 3.20659738901
Cost: 3206.59738901