Error: 13.4851722111
Cost: 13485.1722111