Error: 20.8050143348
Cost: 20805.0143348