Error: 14.2071701267
Cost: 14207.1701267