Error: 28.5439514126
Cost: 28543.9514126