Error: 15.955869381
Cost: 15955.869381