Error: 51.7537870317
Cost: 51753.7870317