Error: 40.3528263365
Cost: 40352.8263365