Error: 12.8249631499
Cost: 12824.9631499