Error: 1.48408298883
Cost: 1484.08298883