Error: 13.1389268851
Cost: 13138.9268851