Error: 43.1235917147
Cost: 43123.5917147