Error: 16.1516856057
Cost: 16151.6856057