Error: 0.234269754304
Cost: 234.269754304