Error: 1.97483849446
Cost: 1974.83849446