Error: 8.85984898637
Cost: 8859.84898637