Error: 14.104368257
Cost: 14104.368257