Error: 4.22949419306
Cost: 4229.49419306