Error: 3.05770133142
Cost: 3057.70133142