Error: 19.341439376
Cost: 19341.439376