Error: 3.24918401729
Cost: 3249.18401729