Error: 11.1926671228
Cost: 11192.6671228