Error: 6.24351674943
Cost: 6243.51674943