Error: 25.5700523302
Cost: 25570.0523302