Error: 10.7222780708
Cost: 10722.2780708