Error: 42.7359980476
Cost: 42735.9980476