Error: 31.8343929586
Cost: 31834.3929586