Error: 5.89378895393
Cost: 5893.78895393