Error: 1.23006411514
Cost: 1230.06411514