Error: 57.799519289
Cost: 662999.387608