Error: 0.51974228108
Cost: 3783.13308648