Error: 4.09877857097
Cost: 7030.73193072