Error: 3.87152022294
Cost: 6979.99095924