Error: 4.56075109396
Cost: 7912.77537765