Error: 0.559186317679
Cost: 3938.91369563