Error: 1.51320750958
Cost: 4892.69220201