Error: 9.61077564875
Cost: 12986.4948632