Error: 31.9722637567
Cost: 35345.2681094