Error: 5.32645157051
Cost: 7094.45545798