Error: 3.57521668558
Cost: 5343.8675295