Error: 2.67280674605
Cost: 4517.0336047