Error: 8.3052321486
Cost: 10082.9598451