Error: 5.28355649165
Cost: 6919.56845391