Error: 6.28088312596
Cost: 7800.75796271