Error: 5.84768271329
Cost: 7366.98986368