Error: 3.5388848537
Cost: 5038.35195939