Error: 3.84513826579
Cost: 5347.00456756