Error: 5.04740780465
Cost: 6345.2537086