Error: 7.89099325251
Cost: 9235.17577215