Error: 10.626669849
Cost: 11979.1887277