Error: 18.8657018154
Cost: 20218.0602584