Error: 17.3104362852
Cost: 18661.7515303