Error: 27.4663795787
Cost: 28817.736249