Error: 6.54990573447
Cost: 7249.27487973