Error: 1.20930204586
Cost: 1910.34616443