Error: 1.23873423766
Cost: 1945.78212766