Error: 0.342286430988
Cost: 1050.01931741