Error: 0.611802585047
Cost: 1310.99890197