Error: 0.352088159066
Cost: 1121.11007536