Error: 1.30805325555
Cost: 2074.16082019