Error: 3.17182703052
Cost: 4131.62621442