Error: 2.91580016521
Cost: 3949.46058556