Error: 4.45148048622
Cost: 6028.27856573