Error: 4.43040809382
Cost: 6103.98523713