Error: 2.95150572244
Cost: 5406.82640061