Error: 2.81323872325
Cost: 5272.50901714