Error: 10.2519450605
Cost: 16075.6438189