Error: 11.6256874521
Cost: 17582.0409363