Error: 13.119017277
Cost: 14025.5650135