Error: 7.28868420301
Cost: 8196.3872613