Error: 13.7582126412
Cost: 14653.8622507