Error: 16.5228221471
Cost: 17418.4967907