Error: 31.5581116677
Cost: 32452.4978406