Error: 49.8549805456
Cost: 50753.0261967