Error: 58.036954978
Cost: 58943.1487141