Error: 68.1593730376
Cost: 69078.3049936