Error: 43.0950411826
Cost: 54397.1734699