Error: 85.7800035186
Cost: 97311.0713569