Error: 38.8769140219
Cost: 50872.7050407