Error: 66.7976637982
Cost: 78780.9795073