Error: 67.5579936682
Cost: 79346.6797209