Error: 56.3280120006
Cost: 68336.7575947