Error: 67.2366110397
Cost: 79229.1836099