Error: 52.7846602227
Cost: 66252.364472