Error: 33.6820135908
Cost: 47111.6659613