Error: 6.16138082299
Cost: 20620.0542586