Error: 5.15738762819
Cost: 8493.11295375