Error: 3.2886977843
Cost: 6624.81627746