Error: 2.1708424201
Cost: 4939.79393373