Error: 0.224867639088
Cost: 2994.10590351