Error: 6.22942934006
Cost: 8998.63261233