Error: 7.02581104413
Cost: 10249.5577501