Error: 16.1984654885
Cost: 1.70970342707