Error: 14.8977666008
Cost: 1951576.80127