Error: 4.30710727516
Cost: 1.34536070746