Error: 23.2228956335
Cost: 1.90791282114