Error: 8.13191818694
Cost: 2.16441997854