Error: 6.18742720033
Cost: 2.09047198293