Error: 20.7336374755
Cost: 2.04249356615