Error: 20.9034134782
Cost: 2.03039788896