Error: 38.8857774973
Cost: 1.96398225881