Error: 62.6342655972
Cost: 1.9678120631