Error: 47.9916913427
Cost: 1.88785702342