Error: 35.1350909738
Cost: 1.84896139343