Error: 52.1928034769
Cost: 1.83312153971