Error: 10.9414082717
Cost: 1.77096273868