Error: 45.3550579293
Cost: 1.122358517