Error: 52.0221845351
Cost: 1.65340767774