Error: 83.5563453448
Cost: 1.66577089544