Error: 23.8062450167
Cost: 0.959013363203