Error: 16.561533386
Cost: 0.947686491265