Error: 17.6319118205
Cost: 0.955491155694