Error: 8.20128150622
Cost: 1.0509495245