Error: 34.0852269929
Cost: 1.099623032