Error: 122.044644857
Cost: 1.41767333796