Error: 125.894030422
Cost: 2.01899991211