Error: 98.0985338685
Cost: 2.3434492665