Error: 56.5801500427
Cost: 3.04725263873