Error: 64.074127647
Cost: 1.4710743868