Error: 54.6514969337
Cost: 1.4589972148