Error: 23.5423623897
Cost: 1.9030884945