Error: 1.49229187251
Cost: 1.56905355763