Error: 3.82631716421
Cost: 1.56893297694