Error: 7.03793196009
Cost: 1.60524278445