Error: 25.665712969
Cost: 1.73036387403